10000
95338360
25488341
17866362
18175904
20794871
25198387
52859755
24819089
23959921
28216429
386034
43470402
55568206
60506014
78078438
65065320
51428157
62456510
73000537
20129093
39298400
16973920
51288739
2464496
86366219
76249665
27849237
20446673
5713276
72205967
10084187
31570701
85180225
8312711
6350939
55500484
85204273
17373580
37830973
42661072
22642512
37544726
63773124
40538409
64799603
25984763
95111438
6577581
61308440
6876159
91563014
21572639
43079813
40411246
95359108
86107532
81480330
17996897
51311025
77025298
7712429
78644710
4371791
58719822
13923708
9189495
47172185
1430746
395989
22691642
90598457
27230403
55746448
27664638
19879996
208768
81567722
10609351
51273773
39023379
59586602
83097015
14931795
9336615
50654557
44087770
2650791
39252678
18447601
20940299
37341402
44984661
39426166
7081169
11362258
40784239
89589564
35216662
70402723
50939649
62341541
12015311
65944798
96918663
37516919
35507678
42726231
46471068
12431475
48038870
40306145
88317803
13886184
7224870
77685896
69454069
72884776
96827081
49292603
21541940
15214165
21688402
34203485
96615528
12503736
57643364
94741856
74561935
67550983
88065524
93990857
37423624
62612480
28735570
44051077
62136430
30980785
41467624
90339377
30742050
7222085
35764534
59851596
21579480
22333835
20762571
82332287
12849511
13349871
66553179
8375005
80652018
28942642
46136575
72291941
78864315
61072356
31844376
74450390
61977636
26407362
60168023
48311486
99870142
50900591
77192492
12242560
46231938
37346501
93585467
62974124
93136580
78388238
81792759
82420650
26667695
23823772
92329966
19811599
14937724
87305497
96722106
52765824
85207575
98060826
21915903
8953723
38910677
54871955
63821738
99578127
19802670
48074333
4120832
45591469
5516120
55707658
48395287
72737457
97021538
68672333
15638995
27752115
11785756
645918
24770340
75934235
2455544
54079065
7203124
10065585
78318089
70586562
59037405
88785849
15591250
45606299
29573398
64339501
99778725
80867696
70783049
29329033
84476194
1174374
94915923
72926756
54901294
55546889
90323640
99837667
95321000
33718821
52709823
55906323
63689405
22941043
70520082
80794848
27497736
18122220
23414016
10913728
9068805
8816516
9057518
10719063
72910242
33230987
44993795
14621125
20584600
21863649
47514433
87326831
75587043
41862495
89371466
71632292
34447940
11578841
74019871
67320322
4937969
13240123
40800947
83683897
71315999
16989494
23573090
64312620
22799226
59675942
54557730
62191191
12262109
95096380
66780752
22808856
1222953
28176864
19998813
18845908
81231951
46855182
20898399
29617391
15637407
43046819
78859666
93468746
3232993
56066925
40634104
27037243
29464154
79269951
59960777
72002813
36137134
20297653
80829737
83800494
83478131
26903108
97350324
57013827
55042443
25849416
67818056
80418719
46973152
79951652
78515827
61903747
43946141
37563881
73803654
45122185
91400832
4030036
67066744
27487684
82765632
65535540
84785508
16755033
74443646
31837540
76351426
3945694
24340218
77417167
68197459
82382045
33713951
92539554
50900532
7037411
66149286
42291896
67373843
53471058
39890554
18604986
42441457
45469478
85903342
85235092
62674334
85109436
96122300
49853415
55799214
39693332
31074080
28405666
89435710
95500709
86299938
30052944
49552801
98347010
23560120
22510720
78397073
13488916
72792535
5923796
66442671
28627361
91795038
22722002
33070931
72339585
13204399
41763101
74736999
31678025
84088560
50340498
40361052
4118330
15447910
72067011
34041897
4474549
19360904
26530736
31726125
45021613
80782829
15722137
57331663
39042888
36480007
3415136
697211
9291479
43048163
97937563
89321465
10961086
40737376
93566279
35595275
49316253
10630646
29483237
49003574
4907056
98571465
9404855
1074948
88140476
82410364
33486494
80055315
85203776
4134368
76601732
15871342
74938937
1981454
10330266
30468940
122054
73024593
9020019
81848792
81569767
65284065
41304922
67567845
95280268
20434854
35772586
39301069
75874647
96073895
90815649
62304654
58468126
82147041
6294838
87420445
64375807
9973667
92843465
85445236
96086537
74588500
44105603
98859311
24939462
4471418
70248898
58581452
51241031
55141209
9624688
5727018
89884784
25827018
75956604
90318882
96054851
55324875
53901636
52333169
81216463
69754678
13459257
45612479
53745057
58421297
99978171
29592480
92072097
1079009
51507570
53177865
12049230
64722674
55332175
84989580
41093710
21091899
74897042
77547790
90904041
76610241
70789660
20135711
16326456
88610416
73963668
95390680
1319870
46675323
8393746
25708670
14061016
86235092
11484979
42589462
97413421
20995817
27834914
37735792
10742051
42475870
28734902
53128400
48479021
3869905
42157651
21503688
73688223
27366483
76430384
59694043
92368613
98052971
81500074
65252571
71376466
66845739
26952920
80035539
8709035
29803599
63550946
85941791
44730412
37415407
5580384
69380082
68472070
60204314
97487699
13505672
5404985
53514470
91195859
14929316
25687842
60494109
3181635
62816354
65164727
91471647
38337250
90425266
23284115
7363222
43576758
80191585
58086684
25609843
24374384
92253927
28541149
2221156
28616220
9434384
34466938
29502805
65975395
60168084
64754979
47287952
96132357
85294038
78570288
89137329
53138848
40872245
17712048
35006066
54584288
90382387
15899739
15109229
43986206
43148290
4587162
76471503
86503741
98114052
96180886
54812716
43001333
82164510
20200720
78856054
25740440
17329447
45706578
40153083
49245572
90483125
53122814
49708986
92658346
71252786
22356649
43430845
65543175
85781132
415090
22042328
11485583
25415069
19971234
49064100
50868781
30654267
96130539
59625045
92110429
29906667
36423620
11599318
6269255
42028698
38772351
64227543
48790578
53637954
7200245
61678232
80894784
37958620
32143710
39090877
39520419
45083115
59941874
73229069
40908591
60791224
59841926
79360189
87122976
81461439
80191461
6996974
52177384
69812817
48003916
24133024
25797568
55799922
39685133
10067175
3665797
23475477
59307021
58842043
12211564
70777097
32804480
17766165
59968751
22815519
38398526
23801709
4723437
10964937
5461133
31541149
31097275
11222609
37676432
84377288
11535411
18901329
35132386
88176661
14386769
73219891
84518656
28116185
71465617
17722949
37148150
15780701
14437563
54240470
87871578
46101417
50554903
38366460
89754580
96879592
71078356
1097199
94324987
53293107
6324010
77714249
90102449
75872402
38037781
40309522
21259932
55054737
3773431
84996468
26783661
79272462
12695287
36578796
5746079
6732300
98768760
11445649
69662597
28755803
7922218
77389185
94393274
53509069
95535119
22031294
97335902
39813805
79678901
90732486
37258292
99149249
58987198
28163112
7797926
59712298
85897421
66791868
26429156
29970492
24548661
65446975
48643333
38282441
52456715
92001328
33957541
79681835
23250536
35979547
2422903
87312668
13734392
59420864
4413298
73121659
8342900
49460127
88258739
37991224
92026693
2251316
72613427
51536131
8012060
32858610
28904497
72821606
28107469
36883360
24699800
3651432
60363101
86525207
68665380
78475525
76151189
33529729
99684538
70540966
55607346
50543948
64777908
36166366
6713744
65218247
95868420
86256393
59718620
36270784
65177781
24153202
49510948
75994662
41867243
85964790
41806738
86464237
35545746
30165327
58678281
12233410
9241576
14100708
80664357
48231770
39778931
18742115
62586826
27645457
97504929
43699080
11013480
19947912
33276136
47932547
80514732
77457331
60027495
17147349
50838249
4219966
47459272
65122037
57187129
35663776
58015046
77470468
52119811
90275851
44131591
67851581
43873394
26812607
15386820
6094005
8362930
99387314
56781515
44166531
29897629
88032665
4631557
51319511
23160211
47201809
12604291
12095157
24710208
49877445
5166355
31565799
70580357
42842415
26501377
17985013
34782949
3134874
56599828
10710948
19727749
56665132
28579675
108702
35334552
72084352
30378217
55036194
92121230
6552941
19858139
17439903
39238657
92568920
57737871
2049982
83760183
89177466
17949141
21350112
87503685
25679106
13668157
58116774
31332473
64341968
44752305
8881769
29579799
63524264
38872839
18928689
91461195
71067330
364951
77220866
4542644
86273257
56434845
88836025
42105594
76658354
91332406
25293011
16026075
35074243
2570416
59688810
14949715
60136991
23245951
62430163
79805444
10665838
39884158
6221281
7028437
87997447
46310007
39679918
81809872
19044483
93638017
32898997
51808315
16342497
71494480
77632858
66136848
46529407
32168424
73388052
53544670
47772901
16126814
90483235
33291763
97292559
86157472
53033864
10606827
29157304
37313694
66013328
84425038
46281615
66006285
94754580
42919272
87547017
60981452
66922761
50162917
84311855
99895425
57662862
54656696
80164395
50723290
60196498
25515389
97652630
68094007
36642859
21686296
65220567
46768215
43825764
73778844
4325405
72088898
22201105
36077686
850718
13098738
28820587
28958860
97032680
13338413
48788041
6112462
22080440
1039609
92822481
82386084
25412534
43778113
76419198
50011120
60238924
9254634
99979138
55617115
77633444
92779438
75756071
50650710
8132484
99568865
77419213
6095292
99916874
56629714
29798638
71774575
81825385
79771474
65535874
171312
36626464
25831132
57008157
54860620
56520705
85776820
97866641
48329769
22570789
91487467
49718921
42842203
46753403
10298746
92315456
96246428
46604844
16831771
80972900
72534053
86660781
6795373
94559336
93518745
21273071
42294534
36901241
52551588
3325527
67312927
80650204
10362299
34646901
42379964
71347829
80657547
49194366
24977750
70417522
43785951
59146822
81649143
36454584
76130775
17757452
37344470
79754849
82608788
49616258
78151786
18129555
25013540
85223029
36116383
47720486
19769643
6272521
71729828
26251845
2274295
21723393
50998465
73301741
79100583
60876448
44718047
58298095
60012116
78976895
24649746
105235
14162770
39158657
14421544
98292114
73597227
99372133
49118095
12254521
64054153
86994628
34702163
9641907
74822352
79488873
56323092
29385758
42739402
91651175
52300208
76859872
79767427
29729899
82890826
5393763
75438449
78643807
68890671
32875981
73375247
50238590
12175030
90950829
79769845
63347803
15690326
39477874
92931213
12742225
77982115
64947063
53350625
56235348
72841460
56907514
15723499
93505774
79454364
15417132
68064142
80810029
2949202
51282217
60637288
25009354
23265771
61957527
91946110
5908615
35110714
91723403
87916025
16937256
38587602
89841059
74147255
69176407
47295061
40803852
10828411
63238431
31980191
96326471
33871765
89038961
83074184
51515577
59050271
38612087
9757298
87019641
75400053
43094501
4066150
8381985
77660479
67461082
43512041
70813145
23244950
21791246
94914547
21099081
58506829
86520137
65284780
86909303
83851200
10503341
42237882
56049834
60407089
78347876
2053203
48427663
95201068
70391477
90629370
26480795
43362096
14964865
46974995
87111843
94349108
99303552
76172829
25934452
30605484
51044126
65916700
53376820
5424
77101518
22329345
81021806
28844438
45240883
54292737
85252024
72440990
68659165
48829488
27902723
99081476
80693011
58520791
24690182
3528197
12820993
64124510
59712461
22224338
23044006
92009085
76236995
56888767
75452138
18487096
16944718
18506505
31244226
57359529
94103773
55507235
11951307
50996194
24600911
89107656
32744916
69043797
96079103
66438950
17082872
14656957
56400400
94500644
86777902
56465616
97607378
70445556
33122499
64233493
73982760
7873080
36108553
16121676
46726383
16940230
76664065
7621582
82469140
50035969
1691177
7683044
93167859
44703189
79878446
20816764
5061593
28086778
85619012
86049810
67227167
28749751
9716965
80441667
49453876
71290627
66747180
66961096
33692638
4255298
36398063
19160906
82571332
82995179
33450808
14481383
53011829
19960183
93406608
74297893
36671938
10417049
38036463
77549098
31056707
694990
49523444
94411778
40690687
94821412
8148916
5818154
62216334
6139267
89385763
25204948
75038037
16560796
11891103
39147566
7710708
42698441
3219648
25515955
26094369
77868278
19476650
39808377
17151748
23396820
8617579
64001364
82976217
72772254
81854717
79775820
30182252
73213421
70891233
16887562
49488769
6742920
79394389
99020463
9752589
92457212
48049561
82891695
12977624
40741236
83631831
74562916
16250604
69646343
56950247
33937030
2741504
85545890
33273246
62262230
14611426
70856484
92252321
14832084
74715930
40473255
34033660
70921423
475782
72169437
1010610
74599756
45192750
14484874
82983823
93584874
12398775
86542415
76809213
99640371
94638821
93847048
22414477
20232174
41090808
72317985
70477598
78673815
85142682
82213643
17277808
95979015
23346737
5346107
45782814
60684911
57621069
3236103
3450562
12895681
6122749
35582847
28531302
46494893
48580915
52125028
96886947
86296997
38639337
4846135
12383599
6288851
51074271
9661802
53317126
8635921
91204335
56010026
30440836
24267415
41909591
76027805
59814841
85669085
14343744
66892404
51860373
35400812
96248305
11738959
4356473
77455086
42600179
69137196
5069472
79438108
57620806
14234128
70684517
52997310
67542506
25288186
94323502
41617689
46069208
9218240
33800111
63070362
22516201
85934506
20915995
83369143
64305260
70398463
1021650
68545880
29430227
29363261
42952502
37646783
11257077
95300287
90481563
93282904
47574545
29841169
73310115
56940488
85335783
92086058
35721536
60999320
65854815
72666827
86128018
17391688
33775285
47195202
84766754
6442688
33248592
71717562
6814206
90781168
84157909
26421274
9405273
45198361
7413529
49999704
66994790
81058719
87714738
35895363
60216594
83573260
74741853
76161116
20677217
19086366
14359286
11313110
70634294
81573528
96283238
27559133
77347420
72144520
48643215
32788504
33839267
54752630
92527133
35119363
77695944
29933961
7061433
74773173
19350044
67821826
52177953
78000578
3955947
8569944
38209387
823027
68000500
90874536
97513394
77573491
63469546
80753904
10650685
45974311
2376806
20957233
96760608
28570181
95048113
14948485
61144202
83479607
19498286
20238317
68151319
98510221
52751126
73900954
7769106
31215049
63470979
9724468
28224409
54810293
86859706
48139132
33806423
58624013
8547978
31928738
21023767
65378610
72306957
97037557
90420019
38608497
17208214
14405102
8668443
13986479
33491733
31009101
580948
75417064
49302777
70856537
72838693
52386765
51927770
89822012
50513615
10851668
25417587
53894416
53426317
55716613
36000059
6559289
58760929
20227323
71467606
29472251
27263785
41988254
21931956
92039471
37315561
70066176
90936936
29476506
32364946
40757214
52174077
949091
49046767
91765004
1146876
24360193
13136992
71755565
99422402
38108687
47444930
75070401
45084278
59184016
25697678
20921628
28424038
74398804
15276133
83488977
22474807
73431860
33945235
71479471
186063
21644608
56173507
67680443
28323652
38205660
22765072
53437710
92693695
5972227
90954621
55409544
12656184
21358895
45651699
1008042
72048178
721978
10132182
62037776
68016874
66072354
14948529
82188109
76220315
73037296
21143918
61087930
71916773
37546501
69790439
22891228
31144088
54035764
40969708
1267620
39808330
79263732
75742443
1300515
72370196
39591031
72467797
24090547
92957652
3210723
81775035
96440937
17239602
32170952
19386859
85196109
3976342
54859420
68564259
16646259
14067074
66372077
89637650
67213174
88683267
46000645
6498835
73400510
96513652
56154295
41273648
58739415
67038369
28909238
44106749
9723289
20316511
73961033
47593524
62104199
13089478
59904790
34540015
10224297
96931604
55016306
83054146
14736911
39420654
26348540
30937871
67695673
92691106
30246950
8222927
63763875
69672200
95039557
3359747
20768646
99853078
54333677
10428691
65915511
8202765
38184118
39028857
80356591
46760792
47768646
56520584
46645086
21880308
23991535
59552927
88420047
13518688
51490718
53152613
55426912
41658247
55053335
8911260
91647660
94599025
72479323
66813671
71192356
94802084
61623399
15197044
75919975
69809146
81419286
34627903
20945289
33115887
44708765
7181654
59751428
67370441
72478534
36759260
81548614
90836617
99295564
43293935
30149562
98602059
28484346
32114869
41077213
67641930
15236331
12401474
31904508
20811579
13031165
72816777
62364732
59802228
63150261
90569226
28923564
3812808
33522730
80676923
37330
35785348
25090760
94967124
33461963
15246445
14599426
32074397
62239731
43492155
4377189
38911875
63099186
16733435
4424638
92414282
84540831
99435988
91639121
9099832
79292947
41568416
29845452
45294496
65138694
38516750
406917
96586272
83700057
22612720
65531825
2043104
39460394
44639784
65224969
37546317
61811818
82101750
87686515
3535622
29216124
47581255
39105428
7894186
6255361
67903442
77789840
52163542
28773479
42100837
66630790
17669215
11601124
16318298
89972419
5729885
42956586
38498525
40207567
92283981
50452415
65469580
28565568
22403555
36666120
80421969
23275723
61432745
28282248
71029875
65972633
13747150
4681102
86157615
43529710
4874115
82643459
23934911
851937
75570691
29936344
35204959
53406003
19185348
15047847
95545244
75408481
56042654
41108251
89297596
6284092
91394157
35962820
84194127
31626489
39602829
57473806
63762954
59079086
38324058
14815547
82735727
39107095
15607056
92328764
24800117
88303829
24520097
80485694
64225133
25079396
95575532
21556984
47754274
7948958
63906452
38784591
61548379
45939060
47624630
5207140
33832982
28816236
55831603
7870365
89102126
36291495
55251778
37267912
64343300
50345541
53819996
50133024
65106516
18005503
11370333
51310232
43392948
41891273
88461578
15040916
74169794
39592536
64174956
37635048
78304267
17975809
10167986
67306315
57614765
97284775
43424229
38929797
96526194
70458400
44105474
71500676
86655163
41074890
91501182
51525683
77907455
81435200
35681877
58727842
57112692
69182851
63996213
96403360
36677321
17682818
38851323
20211190
76505165
69054663
77328543
29688249
59064166
26650421
43271920
60143457
18637036
77595096
39867758
18678926
85151037
39429816
68426719
53870548
53652263
46316186
77117747
2111570
34287965
53568975
39473348
16862731
30018863
57824457
86002127
99406362
36312453
36194127
93597270
51574879
91461650
58410116
76336439
77249717
64250869
73042614
42735498
24661225
16847898
42247123
28157009
76523562
90160597
61562682
57628338
21895475
75392593
85502327
68897951
75535340
52585775
6607679
67165526
59162088
40360094
91527935
33375308
42042172
85534268
95958072
76243869
48604975
90088824
23061917
55941175
15246299
93976494
79230995
59732354
64962833
42212125
9868958
11319481
64428714
31393570
23411201
55205179
6448299
32438802
2359405
41781603
43715893
99851126
6108147
78259478
43527265
39965890
25385936
84837972
47523123
24982817
60464724
79231275
88253424
48662019
27147511
11439673
62202543
86261485
58582841
42374000
72486303
84126531
58442430
63557346
25718545
3845251
95585919
67430050
3028240
37076369
56841081
99184068
27396443
3783214
32625661
15719370
32506515
73999172
8900096
8900445
51864175
7697870
29065464
20938062
87836588
58024487
61335887
84971576
28728216
15566266
98374390
5415601
18654605
5089233
11561235
41017742
23993324
98017494
81727424
50747929
70793460
92399155
31676764
99993020
87556467
35225868
79633034
7938262
63834381
91764629
87822829
30287685
76062384
20679695
40429713
7109399
77427024
59054590
60820456
84731526
78643027
89368587
2940540
35776648
7571103
34068587
73357778
69920084
78166206
43692807
86654192
84146495
35961598
68542106
49206921
12174525
4143115
23612561
73196648
75704445
47249863
57345956
37281119
24786858
36758573
91682026
63791543
39574409
84704999
16010050
83911178
45879408
38032044
3278965
60930283
57919736
85367564
53555146
93766368
30703052
68576387
12084711
86242373
12176925
43104493
48186584
60033430
33690582
59167973
49041555
68444255
68902499
43576732
3569713
51189203
48345348
80896331
85638870
94612684
27236668
74325280
17269646
25212905
374492
52994719
52696812
28833602
19000722
67919156
11818373
55861259
7674179
54295
18780814
46588295
55486416
24948287
52793193
85807156
24517481
12703472
95823912
85694084
68089313
49353957
76533728
56134426
14356787
72823128
33383324
18751304
20537060
78739360
40649272
77079686
26697678
1944227
32139724
4310129
73360946
11257105
9053860
66032745
20538823
57375743
82030737
70355914
85900607
47664791
90725200
5030224
11400128
75889907
52548715
63435860
15968724
60643853
42368731
87440931
21966986
38191167
45593845
33541997
4497392
27098315
67808813
21560907
22084979
60532894
45268864
41363092
40344902
78180211
2889952
35163068
40947122
32196851
14062554
32388657
67969234
73783718
77845879
68207189
69729265
86342966
39941563
75913249
54629975
40836814
97032699
22054590
24594439
38348532
346239
44559172
18775929
63110678
37205300
8512705
39095427
48204223
63513525
45099489
2927738
91912191
16903005
39115935
96392890
48800476
36787328
78478022
55216355
8326175
59966208
49998653
99711697
17230013
26889120
92330673
26808015
51492053
68568536
10209619
87336545
30453397
18586454
15555867
35505952
434372
64284012
46870703
93667401
63853972
36448832
38848113
62750009
22778491
67063288
69402692
53364473
14169216
81083955
93687080
69408393
72996290
40352920
59046962
82997724
54544802
47045584
29528230
314792
611177
15687821
97376339
14552331
60853131
52829228
15262511
42636468
37824327
26075617
35377593
44480081
48884694
83075786
95234079
20321221
2127645
19878756
59063689
50845436
45316274
26275407
86373274
54214252
75926895
86113586
23596
81142900
17963071
94704998
21502153
85600859
57137229
89973054
33196018
81084922
9939449
92551007
65070924
45614585
10820420
58248231
11415735
39572178
18507339
73962507
70991620
7602582
17027915
40613594
58510563
25462365
18385817
48949235
76213217
45344366
10325206
79012896
9414154
7744305
17895353
32753462
99393442
49242678
41843667
61021715
47133713
23995310
39793040
35567679
74978148
50468598
87838325
97750379
33401138
1357514
77982609
56456033
54715007
53175950
72842403
97947047
60626608
44135172
90939361
66722770
41283960
86558268
56533561
85053924
49849139
726170
63793438
79820518
55617712
7971622
28026612
54104651
64552847
33115167
54287546
95871598
39669039
17895496
9966331
84965579
12518371
32315052
66466091
22247301
12493858
16814350
91688864
2532919
17569176
79864587
99796106
93294562
26716863
78891591
63619597
4183056
25737480
25596507
28937475
41125696
97913977
55813476
87791610
64981154
46622461
4523846
76596826
29905489
79526887
12018078
80237813
23133125
93342829
83435263
45507435
57434017
69838699
74605846
62965646
98130481
97493621
34716547
46507662
54792654
2308588
26787087
28456400
54029603
86427423
86736183
85984342
493867
78259321
37377855
42231966
29293801
85310548
79868968
68541440
9312216
9744032
65433401
28901959
28790018
6788833
91662978
33879541
35148459
78619971
59882175
62846554
47545595
32746386
93750087
70351262
7714443
32798407
75088456
77235906
28618681
38888856
71332720
94508630
29395448
97202388
31420099
89588503
24405857
4426950
34782777
78564249
3058122
30906299
20271381
28744100
11229897
46882871
18479376
50096591
49266374
40102339
87994320
68563986
96639682
63954945
69224708
79394367
15444397
92719621
34689087
84987442
95388078
69495611
82988725
82994210
71669894
18941107
91773677
56686253
15772276
49023478
64624116
79938892
77341484
63981324
9065850
79456230
67083393
34633248
17800126
74870787
4068051
13006271
50912608
86183633
85700369
61813753
87297474
75162522
57785833
52266825
83579837
57955671
1234664
43932618
5396687
29468250
60018978
82398974
42054764
64956058
92622035
50441676
6659028
33698880
22447569
71523285
58247782
3869392
9720550
45580895
15891347
14673683
36138860
300893
598060
49735471
18862764
5139541
80902901
54076640
69956860
1146571
32517035
66227078
74932572
87983477
6630084
30443384
74113073
74375134
63562668
99747133
54787085
12221116
26431428
91971106
58228341
58955395
57927426
74004596
32273218
50079076
46494925
37211184
3894382
24841347
18354526
31438242
89631771
71915532
15313592
46649766
20841467
6961937
83614924
37890614
10846689
28452557
2723279
69466049
77743347
62358847
65779166
6120217
30738904
50836552
80584620
80766190
25538331
7053934
57134324
7561343
71407689
95121411
82590636
39649461
73429784
83635637
19601381
85167936
26962020
7788707
89350299
460257
31545161
35625046
86775537
91526529
4858533
8849230
38577317
35150174
75232022
22361622
40295033
69346465
23775550
63693702
73480901
78481721
71890517
99772620
54445851
41232040
30732516
9886060
5014350
34073677
70812963
52398030
49655469
53964751
36922084
44844109
95951106
71073862
18545119
20838522
89677276
68930021
13160408
89123387
85228278
46016147
9025169
99241374
22750339
97423335
4414103
23749381
71354966
64886441
90357162
80035609
30189924
76966193
3802561
78095089
19728145
51413149
22124609
14686749
57114544
8706259
73375101
81372144
30404754
21347952
21123900
830294
11816790
56581599
19754411
87979678
56063268
57491084
94763098
86081298
30033359
89551174
98392776
89238571
86925096
59056417
33511065
84623268
13655890
43548461
94831640
75164779
92208521
49984241
7108149
537783
48567487
6136233
21599637
86303066
53923997
63877161
5881956
83542190
15450276
32136772
4314801
65166227
41872679
55647821
14013585
92572986
24699711
31470146
76223363
85791523
49866095
6010061
79347012
45352738
93017630
43472923
35036740
19741142
74739861
60850682
36859417
29311221
64805511
4976120
62840824
84828861
62182592
27129918
44455365
4781639
41682304
42585646
22745776
45923526
66240293
42532008
79267690
21960150
98107983
26391157
3228854
68333642
40519767
40951376
13466095
35348213
25499889
44165552
13443576
70154357
20625223
11635832
26981475
71866979
90886477
52710850
57748846
11697339
89430867
86778587
64467700
73348295
98631748
27467369
16140895
98441359
75083093
68930855
23666735
4003465
22623236
20594416
81955028
65702797
58162526
54178112
26537695
6701818
81571653
5378911
17424041
88064289
64837368
69097962
25359235
7373022
33475890
89926332
7330566
4499632
73142839
55918316
82049444
21862550
96831586
33404982
65963622
33598030
83342110
64466698
61393814
83741197
53286076
54566617
6668867
3949086
10050805
8230808
34693351
31461958
72808317
9645379
82181898
87250304
57185800
30120961
13018919
29900168
10401239
1019036
14840116
11085176
50133116
66652760
35924647
18805406
71813594
74715805
51655357
93061038
93335578
37752596
21868122
22692144
78731172
94636712
58401085
35084555
92677888
11602735
70720196
32349864
12464572
74223484
63640187
43217764
12845478
58850217
66385670
33513467
96292439
61895941
28168965
97772453
21192544
69948268
56740827
61698737
20636186
72075863
84192883
15604714
85178724
91482248
16508257
18335997
92695518
29589966
54705432
32857723
4224422
10443709
99394060
51232560
14144534
17247939
65269489
80907824
90709276
84879203
53775517
66851806
30296411
24095688
99666838
63284800
23211529
38404678
15290818
80680836
45498722
6108493
74302434
33296924
84033486
99521248
11320964
11033316
42799431
41167376
78125338
70107308
68959483
58709306
40692007
15631230
2131893
29748401
85457096
83510002
59048294
68286561
45718689
96219013
65536540
82663531
81589414
88469772
42225341
50159380
43794473
54892429
6552834
13173657
99891775
38301532
73319152
95542370
47409562
72243581
3175882
57728839
78950401
30359446
27644442
88842668
45357651
55286022
21203664
84167929
6734969
25457533
4962439
29393546
65235474
34408251
43150396
14792172
10176501
93624232
97703791
72076443
84168677
32589582
24757883
61683303
29024994
42134194
81153664
97498197
10249957
56900467
17588969
9014827
38706357
97663899
77796489
80706973
13484524
65388815
62751369
23956190
73906356
3446653
6588320
14472992
20381136
95836073
97105433
68310038
50828761
24450751
80640229
47598607
47534180
15703949
5537722
18772472
30199411
31528069
29430825
20484870
21886429
33888604
58769057
98818839
31443581
12951720
83692887
9127952
35112099
48588474
84055274
33500210
95161861
11439428
56709406
88111059
8303244
22048538
20743186
60039303
59723914
25247042
93044028
99051664
50941484
84785542
59310691
2354623
95611199
58110340
2891836
88507277
8294541
92570905
62398523
69711785
80649051
87473117
11922730
94517665
67963716
94325669
61244770
34639180
80401163
24583639
90420308
51862564
51920550
75496894
81233321
81788327
14953448
71883164
42603373
20683465
281392
40632799
96707264
15223885
25661240
12018873
30697465
8876348
14653942
26031694
83880755
35935469
34278136
12188082
34130903
64822299
70338348
58456891
23397061
41369309
73535264
37655593
25739371
58753966
24880003
51252230
32830669
67696954
85519630
51312628
20760607
51458628
17326694
99436907
74872800
59580363
64955165
79748673
90716311
36703824
54721895
1154520
40925346
35371087
38644450
57192950
41894167
25193481
57121636
19504659
34370750
84169846
94834479
68374783
35487265
19949339
74053413
15642450
48108919
21130399
28987964
9998718
53108998
5595919
42384382
62394843
23280291
97598323
35051859
27737950
84246734
39607448
23197784
96860330
57114188
48831192
85243094
5560792
2999251
22532425
43193008
72956276
60816200
8314801
49874413
21995577
13833971
4490447
8998278
18583094
25496971
96498148
95578567
64169385
62932228
56778554
78982738
95527226
94259776
65688674
31329398
19681865
56791501
45588609
44165123
21651639
91137212
83754256
81165533
73165370
39482966
95306145
65121859
75875304
7116094
93460600
91513703
73873685
42437601
97455374
38007443
94696091
49362516
45575373
1403272
47037315
54828482
29660316
65779125
5431130
86671930
94176616
83935
69456647
74229002
59891924
14790442
27208616
79040206
88717723
46782458
90229287
24432356
71475464
78335345
74650998
96644778
8994619
46554148
49365833
92927348
17706505
69170686
51142214
55090514
54083112
97660741
14947717
67165403
28393584
50650871
83512590
39642897
26010549
38269006
11236404
44338465
88902408
99788895
65077863
19640844
58954710
46414631
51987261
13502359
73538504
63409030
65036914
19503446
76885772
35373126
10625304
36189532
950839
61631715
82289877
34265311
93127596
47698549
51074484
84540450
86011099
50198766
26059374
61006070
12889441
25062179
21627679
39435850
91519978
67430055
3112275
1968967
80156858
28935064
5490152
7355927
37763381
15039172
36461542
72769482
31755002
43640329
84352047
78913080
3105399
66099636
4313635
40683132
83262793
2684636
16482437
99797523
80011994
58483151
14367817
67976604
99026730
19968191
95785110
37059581
66288321
44852471
41377373
54561843
45361226
29413891
38010421
67187025
83397694
35765073
68910569
4399754
57395206
29449777
29238868
53654773
80104912
69161619
10660700
50019081
1060873
71886350
36759273
93674660
65551586
76150451
36544429
35161332
98487193
20224599
1870228
18515196
87845996
14769321
92532368
30125430
59428159
38927918
43266020
15487226
54530844
5432056
27425744
79451433
82949503
16768634
3035653
81971059
50554080
19648166
83390986
14626873
54289323
48177325
70830041
73015352
76146220
57037168
79546584
4592048
50193661
24841373
90090265
80868180
90825192
5900167
72820779
93903681
56838326
98989008
85974537
78298746
57396316
36197992
46648770
99215562
77020500
3257333
77056860
43061096
15302494
72033235
34156711
91555933
92030139
51771394
21001782
89615160
60522501
71969135
44920456
12702511
88069229
61146925
41152623
50476066
79765625
84025419
19819670
67380709
19862278
83493365
79430235
21788584
33380625
36291124
72831491
13173641
18551840
3721704
66615137
54589244
95357700
63818698
99479205
34780928
52374239
49800132
61647255
35073813
91832695
55623201
17018933
6446808
98982721
87330350
17937188
32363596
2649498
18896649
61361759
11405436
37775642
46300331
80566097
44259597
47949666
93424297
44271095
53104107
48583414
94125721
27897982
39703888
96581217
32328048
96797418
71050961
40669434
15942420
66036172
6837655
37404864
6704362
32725505
66618230
89779607
10486959
70416319
20056419
97562083
5661780
78011452
66410866
41564373
38079641
64154941
91470677
50735703
19816147
96262093
46984586
31514092
35128184
88852404
59371667
72673186
47508800
26240376
87834991
5993176
13729927
78116054
9184987
41329564
97144205
99646643
13335302
13295152
1396015
25068916
31345727
10917056
55230235
26189069
14986109
29213435
80707411
12449146
31752390
99740445
93376227
49641582
15679809
50811100
73117255
97226785
65275588
10739538
66652503
28094537
90833993
71987684
65070343
89741493
60132695
29363258
64581902
50143795
42624002
75791912
62802663
28038668
48332999
73346688
59715344
58771364
5380634
15545970
74053206
24070956
55294871
44738275
77965692
14116234
33212995
46112962
60009984
31236816
32819659
49064508
79405858
28878033
21779603
77550825
46799419
483346
9829718
36394535
2463324
37353878
41385816
71272812
70841186
18345147
38082724
4063367
34282283
86772844
37868434
4480053
27284898
88437601
8548766
82270741
29440247
65557447
62748723
16582955
24926214
43338773
87252539
11543133
57081827
16847420
39099510
1408938
67456309
42987831
34931997
69097807
14357306
69638406
11645533
3309159
83819107
54322602
37574143
44901666
92012848
52764713
15540640
54395231
53363613
23530306
13029978
40959313
21672722
62272881
92247361
78953011
4302381
64820131
38786905
42423997
19807304
39240948
38095179
8508419
80343602
48759068
27560095
30613841
86614092
22093350
4735002
12359314
1641567
48697242
68146114
99122231
97874250
76214232
45609783
4922674
15568260
68985635
76566149
77219063
79125756
41974839
14635161
61373785
47113794
75933700
13768198
54924127
44187253
11759659
57147506
74606148
30943273
2606596
59369226
91038501
17697057
1981306
95935275
76301002
61355659
8882736
20641636
80467701
83496603
54155700
49859211
53212586
83697522
80006975
50313708
15292054
83285178
78909331
33074534
83276270
29192575
46907079
28853943
69268753
81947301
27438264
11554894
27423133
57248177
86888044
19529765
40909026
72988402
87474905
33576802
97861871
1747755
45306513
95809656
24413671
20338582
86892550
27474061
15330362
28503156
81841915
35911363
92030507
78260769
93926345
95767954
8109891
41528135
95440199
70683790
33757199
26430112
46037984
87947183
35723629
9459348
37243198
50350524
37569277
22510006
54489320
92119922
84569385
9419731
4987655
75638546
94190439
49200784
54524897
80290295
20616365
76042403
88369739
35780178
34687859
40533336
13125068
58065920
57700318
96087243
18666196
54404239
9647202
97402793
47257154
67978238
30000079
21817370
54285014
51940852
13201897
18640964
33840726
38665245
57075579
11837284
17817945
54050321
27613427
23454054
12533637
9195113
87702136
45773370
94938181
43506251
58082349
82828163
23515479
84136988
74802027
19717488
4512904
54221123
99804636
99560185
7719343
99734441
33075797
82823690
53223901
97683837
79307079
12672316
55391332
19850077
61637470
55199052
86678122
23436092
93852615
37658867
14352865
27210473
68266585
98074502
60165279
21122055
71956668
18593899
64499092
24768749
49194298
8416608
93156616
77421909
51406964
96493493
97037583
629267
2932763
8579320
19606929
88945305
22894063
90699488
57470374
1195197
61681772
52299119
70464604
51886813
47565938
94955586
22749109
93544413
7180216
4746430
2294421
25780405
67341381
87577825
82282219
6932727
72378055
66791111
89891147
49563647
77125021
44670087
18646999
63972214
27252837
62871351
16825127
79839325
46516429
86721357
70391136
72990628
41680975
65744074
82741597
36388763
29268430
25312775
43313490
60945736
61757816
37392049
79415102
72334386
32846228
24310934
61425869
22489582
6337019
1242645
71047863
89976770
92140119
40814052
52945274
1370298
72538898
51297008
49838423
15736225
6016234
60656935
72010171
71710595
6513525
35713606
15812255
12553687
22360353
7059395
40520507
60409978
31789432
34212894
51241880
91090173
72865384
8003824
76267048
73897093
51274123
19715297
35476813
27488887
77793921
74644684
22737334
70451456
7093267
14693344
79864264
14671844
96833943
68132948
82727402
75373710
8744544
40646206
13641869
95989959
19190100
35523509
43145091
37538592
20070188
54168198
73196074
74454071
18958070
30762593
59509708
16543383
52818188
92615144
58439749
84910403
61360229
19278102
4800857
44374831
12013325
30430807
59220723
22327828
40107321
66840661
53514529
87301339
43632288
49206960
33134397
84507578
53835794
44351253
43063700
69600055
37003611
38883508
88470306
37917302
59391905
12813252
80129748
45971473
34374141
66352915
49412806
69119582
64911465
31239929
73232295
28715349
2821308
77952649
41010758
31803768
87065601
59757328
16912805
94052269
84993374
3484046
79171980
88171648
4942746
10320850
60306673
47912077
41361575
40039215
66156055
53923190
46803201
35346177
79373282
52671958
70503626
708145
70619529
9603063
14949822
12316404
48241243
82197954
87180161
57988000
99093236
78343331
10247122
97345067
61638006
1305691
78292205
37689463
86595617
4562603
67219101
42803425
79593291
2879574
90816687
39141522
60020975
22983975
96964339
25497850
94477813
28247817
63646815
61635982
45608502
66599219
87055418
85100936
53262800
96954261
17643395
57339985
58606343
99660733
48770510
91164546
44532216
67101859
48502021
14246015
82376881
16845938
68083311
43592210
67219170
72664351
95508244
34620504
84682741
50316688
33164960
47185561
14333623
68087514
15607453
10908698
95828352
92529118
26497038
36662596
36612367
56690899
86836176
23969179
609323
76130799
23046953
79250695
44722029
8429881
40051037
59962276
34294593
68476482
25959954
34027066
68492909
78233433
47773170
12251053
10653610
20325318
67475213
81011758
56456991
61043847
19106237
41309761
62179895
2105838
66651484
60587140
98965606
59069747
37243976
39611260
12456600
61917901
93739974
27707892
30056286
95189662
46478881
52141410
65197799
76013994
10899676
42820176
52730504
88073624
35013690
74324012
4355214
80110183
36071495
71608049
1805307
83268440
26295008
26339414
77557189
78949699
35354620
970384
83103108
88022309
62790219
9120094
94645849
4945222
43538138
38126667
20933547
28746671
42533139
43771338
33850530
35653027
36747805
42916204
5906476
99160541
20070599
72983430
3910501
20943912
77760694
72078986
72403809
15056855
26638301
43081791
95335313
45576169
4249511
72723330
27377095
66693823
97369245
88302051
91126540
4389952
72348593
59715722
5733208
9338380
39710114
46716530
41568593
24423447
62080
44737176
88196042
63938346
90245315
29537617
34266991
5945090
68450438
51140359
23913529
48506085
53848420
53045724
6427136
64844706
75634040
52045473
83474599
89220605
87105823
47676037
97905832
7012906
31854063
37259799
58064774
57368473
39539448
68414229
23646719
52176287
78701359
51585401
93495436
4328176
5378118
68373425
25946336
26829161
23686563
45649505
55736640
92898247
20209154
20606292
15142336
82246445
93771554
63359085
8817611
5781362
23548791
48897905
21906751
51625348
1982752
20238197
66134479
61218693
55754243
39746226
53650914
40437231
25067581
13794515
21049056
4453677
43374668
39545446
96548436
39393561
63975067
20698139
65836287
29054777
51093919
51793293
26769656
99770918
62938424
60914726
96453237
16944280
56639970
21100207
72545378
68603212
84612307
74929294
11210310
5776607
43631506
56368285
29553307
58882018
87582100
96116364
16499687
57506319
38910188
41767199
14910842
16570746
9197418
22931560
17400856
96258705
66227360
88068990
40336364
94073247
50853597
70570646
59325239
44727570
26748000
26026260
97437650
73707551
97707110
14575899
60471218
76468378
33981866
78739844
23593328
97431264
62867338
50754058
89221829
7677591
52513646
99221709
92240684
61846539
50239331
9210751
7932488
77322896
6077877
49207189
48890755
96850568
30755635
32034469
62468592
50872179
28373251
24332406
29327195
29769818
55184881
56902969
27428129
41215949
36475969
28527048
86905470
39734368
15879999
8529581
56317735
44236792
56269187
45084244
33422046
52758270
90459451
30043364
88541741
62340457
69981413
5411998
71381961
62710915
44045812
80668997
50031360
7434026
99378916
3728774
88951338
41084382
64316203
8209239
9894549
71504083
22236791
49135265
33042665
97272923
12015711
70532309
35299679
52386465
68565491
59032304
91145787
20852859
52319056
22339451
13775261
61724413
57058851
11760811
93302858
71033868
46365961
17196883
78470054
72292537
2164264
73807798
6373549
39017465
80494403
15483429
90714665
88735103
55681806
17411434
60760174
83479507
1023898
35029259
31106062
57530296
45402338
33666252
25063131
15188255
84083743
37169225
62966804
63087918
46281136
34140622
33055665
20650056
50683884
65687902
14843683
45845213
63316679
43583616
24155234
95570327
37587260
36657842
58087311
57827653
55135565
90950870
763331
8662764
43730058
33036148
1024681
22998608
59694858
34767561
87106272
76902201
87680219
89321906
30280528
55774685
27434429
25420228
6678547
44961025
11339382
61193440
21554806
23056183
54683704
47370828
89029289
84794215
5077802
31347973
31871890
31992055
37708939
59423680
46855677
49522263
69676578
92435713
24427249
68848427
31277917
6810478
65222759
87119870
557654
80404095
14470561
29142255
80874440
67335769
69441831
26591912
63421868
96223446
28134416
14972121
61905165
88082866
9272961
60517380
43916268
31977659
7662922
29786873
60757243
9027658
41073997
76492531
56715025
2853991
47560229
48623359
19373111
33829074
83438879
50401056
81974468
33039675
63813681
27066041
93167741
32187830
21224515
2398732
99239781
21167320
44633078
93126025
41599151
12821221
35744552
40807810
43149847
17472684
47591410
21688068
3399415
32963653
65807528
28908576
21072960
44681714
10551277
54919656
97744399
37781411
26466226
85217936
50518332
15320819
80021510
10021719
48083649
84509954
65067983
38169418
88455246
33809524
970254
76032065
15994395
95607061
58486309
87748722
72863781
55871671
81293241
68559368
64519887
70759603
7946290
15554665
15303938
67601300
54047742
8083284
64267621
58104189
7908823
48748709
58342515
47187854
32567675
42524090
91684795
20862259
68320636
38721613
19870821
29210855
28948507
19519098
73536312
26568086
54581442
50946509
1452671
9498262
99667640
74628725
47492999
23574882
11224452
67276311
36543849
25413272
19083592
81019645
65198690
7782719
95731405
852270
47580046
47487008
97693613
60405999
81708067
54116073
43239424
88792653
41853633
6840456
84481271
98411068
182926
24801540
45807566
17300573
80725659
93952750
73144165
66296843
84571014
20004646
40696249
86926524
66263125
26269432
13277270
80548842
82956055
30398809
96239805
31781372
95237763
87124342
16327356
91829161
1113396
34336012
18497390
88580554
67186901
30319268
22296131
85696021
95758339
38113742
57594847
69544371
1122623
4832467
16252899
20125963
95089334
36451075
22041145
7021168
60941231
70624015
417531
79861903
46289274
87709676
64101306
3310209
96580324
95639576
89547648
39131294
66439158
19203306
28775508
27196598
77053680
72821148
37203551
67209707
13619710
1883825
5055755
41875067
12576625
10014608
1243251
6423437
77485081
18024901
38767941
86597962
27181330
91743161
35406997
96688889
70672595
13390880
60677575
14020518
85280807
72990559
35635159
44837173
12965130
37776000
93539329
58831515
23359913
86186341
48007413
8097635
5464878
58760699
46438378
37820113
5631983
55533452
79906247
27301547
43066812
91066907
91605988
48722790
14325038
39217685
18412695
34275157
53723185
2726148
9288488
94153848
34215847
41481749
19341408
17790441
79883038
26695751
56274161
7002441
51082675
13809743
49660231
33999685
11811153
58329829
93365454
51786083
39178562
77666122
60927561
7284949
29417869
97847245
27227330
68375872
67073065
54029130
51151891
26128697
71612662
96129686
73989917
11367091
26898603
97819679
68811701
88833503
8115184
42395141
38335223
27656234
71612546
2576918
70343346
29175300
29240333
57972629
40752839
63225186
31051297
40605652
6860259
13799581
14590162
3700170
87899511
51294013
74310926
52206858
77089890
26897549
8806344
92601783
98158757
16847862
61946470
97714267
14559199
52468497
20098067
21355129
66938271
59845129
15023900
51083795
52937982
95607342
54812232
55171144
4345389
7959986
20552805
72066818
27287435
27566249
42440963
28769976
25823430
40843620
40122384
3210814
58113940
25685655
54573732
45179649
60708991
79127317
81493543
33046366
77644740
94538865
52973359
90188581
40286614
61435708
86478233
77797940
28909040
10702298
50532089
34627163
96600554
57325007
22289363
71946245
63718937
73790436
95641438
66337213
81998581
50214421
68868560
40952005
91825744
72385120
89043277
64010040
95206373
39248213
76991722
51797441
28697046
79784521
30311734
80253927
29683788
79202006
72514231
45115583
68533463
20737708
22475626
88572215
11615062
62481819
89972056
9401210
46074988
26667099
54415598
90785649
30768833
77668365
86718107
94088565
91509535
91914554
56617946
60715105
60205494
98390982
84277345
91184612
12618010
46181101
40944822
61328797
62299235
35179039
5861008
82463512
35141774
67640598
9643095
19979600
11351283
19229327
86414854
80375133
2515695
87476610
74140292
31844867
65908939
15916271
50365039
52821639
51991523
81623082
98447357
62608502
82181723
92705923
19885067
48338978
85743296
7102952
9681093
57236564
71403954
40744110
3233906
54618028
87527232
62042333
3997575
13097873
2374977
3500207
54300618
14197280
20543649
18181926
54218579
35367807
29625715
92636962
28645586
98102613
15833168
80832166
54701362
32241279
34960124
8240920
96248891
16701728
21144025
39071169
36989306
52964442
36809851
60532794
44963586
69800375
22097534
42843536
74043267
45118628
44901310
23127643
79527034
77390620
98206920
29834114
54736730
58883209
24392925
71660560
38249459
82709975
81102699
33908020
97001324
62523011
29916220
58507382
95814408
7791246
11718873
96847736
95065766
23550011
89706844
45574998
76171670
2944428
13029819
4699624
95321580
44842303
90788196
80597684
27658659
99086544
49077199
16518605
19580654
15129426
90458607
24255100
1344010
6901372
45394570
77918944
79416956
3494564
55948006
92956829
38384204
86602566
99674625
75231932
44664102
34850792
21692354
68412795
48551123
10802086
80185358
4423853
87617631
83513615
43587095
44153278
12040591
12505579
526220
55603568
78650258
68915784
63347016
87044951
25975755
24785005
47599422
64742596
98558073
53488979
71165466
2253056
1857607
84714228
78143275
42873224
13618281
49165379
22374975
19223973
72615066
88855070
90896152
23715419
10327898
12349785
26069398
42762415
70033822
18462015
63196397
6585776
78737406
2922261
18789229
78246934
57890789
24659161
327360
95047865
19177193
77986762
59842880
58295980
29351444
49230316
22167978
60383220
86953859
61405135
81034666
44982458
82095946
35633618
2143898
2815193
71667133
35438893
57955493
66031064
4193811
7872187
16213769
63843475
48118198
73571841
40497677
81592301
20197893
49511775
98290895
76924604
54435174
33082458
4547383
87601451
84250534
45458268
1007583
22349545
79914408
62328185
38535377
1563351
78093866
97037895
93965496
90876898
12020996
57981882
4664854
22849745
20656330
42848025
32696202
58704443
75753254
83000992
90541101
15617891
26948962
79926057
53226795
42812584
25131760
24662922
41858666
20131330
710769
1438120
34103073
98458911
32981470
78540824
97446592
47810855
98139201
13973996
91477998
61872195
96857989
80670914
95533356
55302466
5974816
51261632
94360794
8993131
8262355
76811335
18511137
4208117
60220684
40406335
2287798
85766401
87031843
93762044
3524515
71242018
21074474
33029425
72612954
73663085
4872117
94558004
86550087
17660072
36254902
8021273
8005900
24441357
38173537
61193990
6983546
18096144
97062239
5250393
60786153
96293450
78887818
95320653
19489948
66818574
70390765
46450832
68814312
34092002
75290527
29470267
15598518
64248864
19040180
14296074
25093916
76711259
72109897
88414275
92693574
96917158
78635008
54593254
81682747
8258434
89231267
74698901
30451742
31379667
72949792
46953479
37399986
33116660
6706218
70940719
47223342
89927688
74240367
37620502
49247911
13001010
30279027
43830355
42542937
16843168
71146857
6285281
14888391
37861367
65400585
85760291
11666894
40643665
96125814
92119525
81407717
82171940
96071088
24709423
33173239
54118760
18476498
1726045
34318318
82640823
98560636
15494297
43296476
64459305
57444062
47061858
16328325
96207589
91702482
19503090
72277902
64590663
5786766
10863108
37994066
56585875
92996565
77525913
21082013
88438641
2212936
3745657
1405162
62008857
54649420
50855241
10108909
42187222
63998416
92820383
56897264
60245437
85131249
57847258
94409066
20300635
32323633
22594513
30825533
46043531
44077525
6647966
40758424
77396680
3568051
31652813
77144164
42591378
30991055
88884982
2023980
26440170
60577721
10583808
93271329
66316497
5123526
33418617
73447246
85516315
36206221
68159885
55761960
77842689
70473350
20560656
82338754
77420871
23429165
6131769
41687056
84741129
30268382
64919840
70623132
65272551
61072101
46487568
279108
88962634
59637497
96505060
28542239
25426919
93943652
95043547
38207723
69345468
81828439
97512676
46577088
67130367
15728422
4947878
88177530
20595208
79847906
4020273
6490714
36910863
27551519
74569454
42928458
11859454
7222823
22977568
14472422
94007458
91246099
71220551
60278605
83194623
28250203
12145161
88942546
89806527
86746509
12049777
57122415
95499225
83038171
56017352
70362606
18677450
87669726
59074280
33734506
53425705
77642683
6075091
10779731
3089451
60963513
53514433
90574000
763338
17177257
24800762
20824165
44868466
22112893
38080336
50645274
84557678
16170893
38340410
42159964
80682678
5158459
86950172
84019460
28063601
75778774
33595453
68731714
75181953
80851939
14351994
4174732
41716503
47444904
28525194
1853517
5441465
61747697
56789883
26791727
64456660
12989547
24337409
26695593
17895990
28041255
3720263
42396250
82164718
66294090
46698187
58468324
65170428
571331
25691700
49150625
66007653
93931446
26995392
60275067
96405636
16914273
94909835
46790630
32462224
24714202
32422869
26176630
85619437
1589629
63867721
79435830
90633217
28235411
55139173
67008792
60509842
37529501
91092861
9645756
88518137
6236827
63423926
39209096
97872482
58407011
43079681
2470057
18303455
25457725
48798181
80046153
24196620
91144829
4751753
23970036
1729945
83071930
22029443
66226145
64137774
36532284
73637831
10504804
68961812
35564190
33132213
44290379
9422249
34024704
22533220
75483550
45053158
15845777
45267982
9745630
2823120
91613245
82598744
87828172
15201353
2846407
24982074
2482192
46071510
26228133
91839156
72610072
79730380
59548
17600118
16700469
45478943
44981597
96326362
42571935
2837132
27112929
13426311
51280259
15821627
91748712
45496342
8705347
88123782
25649416
13292905
80424374
13315494
44659431
29019474
40962710
87162945
56731133
10679234
44726331
77222884
26551615
40655258
94480076
61395925
97540953
45643737
75587552
70721657
89116845
90695150
72654053
39223446
52335909
85283423
96653272
55263988
50878226
79624116
37749037
46633743
19330952
55339426
17389270
8554225
65623310
64822031
28122691
79436537
44499986
83428029
40719285
90886264
45620248
73786507
41514290
67633417
26050115
93482502
59620617
46390276
17462244
60218775
25115460
30404423
98991147
8641733
93772752
82118449
558562
82381874
42747509
31416235
7852567
6764828
55998989
70132509
49915176
14120740
37646580
74257880
77456424
43408124
3975727
48033826
38737949
57331886
46301560
97711189
67713386
81996653
26207369
21178787
21940681
87686188
76359912
41683763
12601990
44721007
84231705
20602421
87793820
27315156
5380651
10945556
76213955
15763712
9974463
18129392
47464531
45113206
32093935
85728764
54466784
16868081
10164047
9500386
35365708
4120088
44994616
94832296
94587015
16122184
70682605
76742817
44489423
98874266
16896945
23982538
32155458
26767247
86608676
26180505
69675539
66576396
86675569
43429734
85344107
55802636
12625152
37515452
39553052
20871767
68730390
61326329
97004449
23441730
518036
97750681
39852274
68211604
77519546
83995179
48674077
62018271
87679986
81895164
39264150
44844881
34116642
4833273
21402497
10682467
19367761
40400913
23067799
58310660
76078204
94963279
89143447
25887409
36443072
50436637
1664156
21329143
35077702
62081251
95190488
72269018
98483587
1602777
64541758
63536032
72380280
28001796
32136006
87929928
91213775
94363707
20853835
68722688
40275659
77315023
94060765
15878091
76461825
11938040
51832835
31960848
76114803
18479516
65732548
2307092
20572792
89819217
11934894
70256770
70581757
49578527
52403713
57077205
40540888
19747133
11153263
97982036
41665309
10842456
40514838
78414072
11098664
93619620
11793063
67574176
88402408
8663171
28890686
23906441
37774913
75270120
98397373
86804749
99286301
94632116
37036604
10190547
17787799
45251210
13815782
91766502
2508652
70480331
29493479
836469
7203171
80778849
58602543
2206757
74704672
32331072
60904763
33891229
24567253
74412008
37195761
7581934
49692580
8525860
800310
65891482
80532252
88709659
79038856
91218805
16001004
93401547
65422556
58537599
93899261
52474721
82720615
97027266
97154783
77431089
86766247
16460522
92238742
38979611
54054491
80904929
21748612
61571221
4654022
187523
10460163
8148392
95635864
62882729
8055173
47686535
42133764
58508388
95928562
55078767
29325462
29344530
56841828
98455920
74314889
52400375
97464728
37204341
76976526
84490714
57119569
39269659
66135887
17094903
95182153
37068806
66827827
41324202
98628227
39588679
53242132
15999809
69806471
16156162
78848938
25070805
58208017
25766771
5982789
6943664
19098127
13401835
56705815
56458365
4441064
46806243
98380626
25642319
94013626
3308519
73062627
58789590
23612571
41152764
54221275
65261213
82421890
37736109
90879338
34101099
65281893
25104517
12898046
91366235
29579679
61507424
54097664
21931806
9822820
16949138
9587133
38817468
56096338
79097904
6078229
45350987
33511908
86884014
72101954
33236453
52279123
27370410
66246583
38475772
69705451
49002981
36924725
55644020
78831421
98450632
90325606
29369518
44603190
59961877
39496155
27505801
85882629
4899747
47027859
24602733
18354588
95382189
67008477
39797371
8358796
9602777
33958130
76298181
88752580
3922814
64986590
28213047
26751072
87429630
40427923
97329268
6636346
32178107
61320765
73413636
25519178
73241908
69976641
69328503
67996441
35937900
95440352
63482995
40378623
31646081
52091885
92222326
95287853
56312793
73084153
25463205
17085431
61176781
54849970
60732467
93992848
42185118
25125777
24106641
62074088
78312658
77932323
28092919
63640267
41051613
42268863
83768923
22787669
36736200
10772882
84467597
24472641
60453014
75399883
35351178
70446511
7188964
83986020
40846989
77816190
37012212
86951226
358616
45557989
19002650
54828121
3288590
22697658
20410612
91239205
43445538
46075802
18668176
96078943
68635963
75667162
12237638
88698416
22289709
49060224
10915381
31964643
31500524
66482010
73004246
2770655
69225192
811932
50690303
66550613
54716110
12322869
60409209
22375560
52871178
11919317
13340264
5088330
87987670
65194280
88168918
60435058
58195125
22373904
28549497
30618437
97446440
8158104
55354737
79607380
59977796
98649944
16493853
4949212
5711935
27987959
7974391
1891016
37822447
99364590
67837825
12676302
42688433
86009550
95463480
6087066
93874446
91289507
97268096
67986409
70840787
28432842
54579586
40057116
62132029
14415664
65879578
14049100
72679903
82081240
44350367
5733010
15782860
6604367
36691274
10206669
22337629
8343439
46611545
21058634
63295834
26829077
37693041
83829150
39908991
65573732
46982851
2353947
14326332
42036966
79108049
66053111
74737740
37110590
52297827
62032937
74780246
70437909
54218306
32154918
34485155
23768369
49264190
6906562
83617258
39406771
93016959
32195426
20189244
95751188
55024972
15420631
5192014
59305901
99409405
17532819
78584754
76386900
27483033
86427165
66981711
78033654
68261123
9785379
67373852
9502812
38428109
56725855
56172558
85317976
4711364
3167893
28343849
94450327
66290615
49820353
89594047
10562443
39075907
16620872
38382123
61399465
41619467
84348898
90265172
1747725
85411101
13982748
32311307
15431431
11898146
23931891
53605508
45086635
74983005
52404596
76803919
15550246
24240117
42503307
30477359
60549164
10321910
94915781
78937006
96832837
86642493
6450379
25413142
79187301
28878007
26228754
80596482
83641535
18729067
76876466
29961542
62218456
50200565
57670589
39029454
15580902
39475509
2188300
79916139
73251992
63273539
33947902
7906896
43687441
83184853
89236345
51648003
69462360
87041081
35742133
8548521
86549870
93708554
67419998
8893744
10539225
69155380
22595515
25986326
5962513
37463689
37360357
71958190
32266598
45078291
34745397
68487699
21505495
65584963
44139112
52272808
17723494
47683387
4643594
28434838
4920046
74910175
99649543
45281914
45276176
69142009
77564719
71919033
7742275
12478386
38607336
97695287
25639004
55092109
55699745
15401496
76568647
19202949
27661542
72731657
87633383
44746768
61316341
39668266
92996130
2426822
49668590
86396953
87909870
88299639
58984900
77633071
69716739
84215328
11766806
60473447
35611002
18526075
60157216
75075081
15344194
89678823
59207785
18161839
1198104
10539721
69094808
40138003
87399168
20056245
99523798
4559878
80811228
94399552
84213947
59855096
4219090
43268473
63736219
21651496
60032568
39507347
32403433
7912622
16109213
33750031
7332958
51723398
36626125
13112137
42110025
51130171
56194524
12516318
14603969
20336153
49579058
36137698
21379957
79336334
16268656
1747550
78959165
26661636
45805269
66787339
25119721
93622206
83957208
56603705
16480485
9587773
86672035
7848906
45234401
1230254
87982858
96226551
24439660
76064682
79606580
29738508
49262110
95763112
45659374
33512478
4860848
72947967
92465594
68621436
14718185
80573263
98285935
98448017
41489168
33500408
18794046
55695542
37740253
99001055
356021
93546980
83911161
79181065
40863243
49621746
58481047
9082554
56689647
65793812
52275539
62247989
82284361
70259142
85257429
59772114
40230575
58675038
54217598
23766273
4264452
81852497
23535303
10297534
81717638
96046893
41879168
32496490
46117795
27955238
25820590
47616809
61852038
58079290
6225018
61439352
32304675
29157939
47986139
96653742
75070833
67763168
25704149
78685367
70900302
57402690
19510700
57581658
27572449
17943120
23665876
57354298
43284443
52448408
36967313
67909825
85068921
5414429
90559957
52835082
22047533
94079885
77836729
84346474
80361536
16588430
14809250
72015915
51456315
39218727
77909809
29395722
13715061
17731059
71317631
37397096
69126164
725671
68689722
19803473
44776666
43507628
30231230
10429511
39088453
7177095
76106893
12861967
10790308
2536911
64358321
90895933
36828374
80245699
67580682
2634883
51582523
36728046
85636159
81260861
39766974
92590284
91612087
68022371
3955364
10679018
61400418
93359203
45350104
6763772
71838173
86439636
84978652
57426814
65571566
74856224
48775577
18309835
36197096
48383386
59434373
9779240
92896922
65727925
4303932
6306054
67530913
17161658
62628369
25858658
16126928
84002389
19471483
29151498
8895720
52146701
45726792
194180
46159472
45214265
96391878
60493035
39635986
72145991
76877023
35812330
40865853
85091172
80762408
73881812
82538801
60061772
8659154
94964343
2139962
26890575
83197482
1491948
61229957
28274603
15214539
69958440
14418654
58116728
15141085
11601952
16951517
95065917
45016845
83853365
91010005
64568611
43555646
20476068
45249972
20334537
21043524
11477353
10908569
20986070
1728466
63100510
57914880
82072951
83357323
65646520
2542721
53610147
43358707
13886433
19806657
98290154
49052351
49892627
44911963
2172614
63765184
25259939
97896352
52568679
36068895
16002294
8061155
93720940
46890257
43991300
16855593
21958052
34145654
93813379
54404305
31060863
14664391
91875771
15324198
23529386
2453671
66719063
60811301
9183620
28126661
62954015
39746351
34071968
30182245
88514038
37344934
91064008
898275
83074700
60187989
87390759
7427425
87060487
89224596
38764294
33699677
35842748
18513803
77716822
24950016
83987785
94326454
77948976
33170422
93490464
93437951
98944405
95723118
71344927
94785546
88555366
21412497
68220334
92032702
35456533
53055551
8687612
56464261
96513714
81011439
22394315
93276995
99256340
72148612
39097280
87744438
55367662
5234699
34115182
92202608
21903207
20762583
89555393
47621688
38967258
12850244
67653622
23651330
33184075
43260834
48630523
22984771
54462220
86269158
72124686
20179310
61002404
5780048
97953682
44815232
20387633
38618528
97706786
90201454
90230501
85444852
49023851
75779260
73975609
11501333
85239186
61558857
8759829
34639288
14428273
18407839
19072989
86021336
17365892
7243335
67722752
35900304
43259981
29408019
32298295
84831192
38457796
55675264
75248086
44865623
89748858
63611851
46670213
64494196
47367810
87311405
79224174
66771628
54043522
33647033
25864508
9561745
44333306
21124072
93948832
90500651
27377897
59868638
8004374
7190719
76384218
59966971
13203458
44876691
43556780
64725738
55834465
6966357
25689910
44256627
168165
95642390
31956413
98065047
77439984
39775223
24209805
17631257
61733463
9162201
59740684
83285322
6520071
66036627
16620129
49709632
83211269
12905658
10904275
48816812
81269815
88121563
52632018
20911867
30783535
45069278
5703594
71007084
16511672
86264035
64342604
43534002
77009759
38151612
1097359
83731130
43481209
42087588
53727113
82027021
31716212
74903111
76038762
94963498
89313469
64664759
71422637
75053690
74754634
23183337
68092445
88710504
17055881
59643798
22710366
42390812
45273321
9250469
67076070
23463142
75807786
40129114
33115612
48483684
87127079
21719317
82493133
55421609
7035795
24946330
43717004
80050194
88602996
66049416
28054141
11898421
82445591
36078816
82744541
78847149
67677261
74843778
50127788
920174
41358927
70343747
89806682
96373016
38593268
93466365
7335035
93652959
67235503
36640949
82563504
63337538
22862072
32722352
1718204
53528989
43613536
30531385
53145880
55548358
15013123
91634577
61430067
59457992
69032392
54014204
96779898
64684766
26609263
17942038
10366835
66763944
53599777
52276429
10793595
39612410
33919939
26025200
83132941
43930609
13615644
33546563
64444466
16441833
88664852
12684630
82657129
97806110
10680853
76822997
48101747
590595
41064904
25041902
58392452
91365146
36467388
94838314
14660518
82662751
9088752
51087167
38312429
19366944
80561369
80214367
36097625
10774959
31283291
12549562
60052900
72830427
96666415
71272256
66382627
33364124
63844950
93212922
13984585
76468743
40116421
2990673
85383401
24613738
3315623
79176578
57053390
47303605
30511085
49061867
45550704
74883834
52050223
90633670
10658450
8692620
40633717
40837333
34456775
50296420
4428239
27745757
11948272
11894504
8215728
30862727
99864332
43479655
11083377
16386612
53544083
75618573
96977737
25487504
25478724
69516420
29214877
1432394
73588856
45397759
19608912
99833898
41747683
98812985
70153490
68955467
62511151
86465691
80287523
81048783
78736166
61777182
88066943
12953857
32892423
24525409
42438657
87877745
90358984
68673743
42847576
32171281
21405651
31479791
89321236
49096503
39585511
49616492
70177069
95324385
63284695
59920303
58168919
25902598
12028994
95914979
35186130
25039445
12211520
29428791
86299432
92847359
46005561
85611336
53528567
51939248
81357336
89923542
77232724
80024940
55762174
25558896
39406912
8669723
67711393
23309770
35036096
42504810
59248991
12846370
2543304
83713027
71436042
49970461
76883111
38133346
63264165
53959396
95926241
19580431
33061286
35426602
54891367
90079222
83360924
12885550
27454188
23309071
33820136
99630537
17451228
78583574
27853397
61662550
76718612
17371589
24672635
76403814
13132053
80348948
67310533
11713003
69489403
70254025
19560409
91665399
82966132
11670503
33512082
93319143
76947817
44576065
15979557
17523552
26344996
7096528
47821150
1243931
19987486
22211464
18578243
92971856
57355617
57056032
71403300
4561800
41815525
50941034
9434346
45735827
30365604
39538792
60899548
49753435
36201978
30435160
19098617
20261843
71949645
558338
15715193
49020699
34711151
67724645
81758799
78067554
66719666
43620101
49266184
28512165
1044224
88555896
49249184
46303876
41522334
2828925
19254545
85063248
31748139
43712154
30748198
76964145
69381825
89369827
37064197
73946098
91694846
94675549
11134544
79861092
45941774
89728117
45094529
26586440
66567831
22419215
8260584
30252450
63563340
43253391
98345490
87481347
70548739
89758868
48643609
42921173
6214147
66822900
47983980
73650406
5059141
2294280
89823242
83093780
60561150
29939722
75185317
17086288
72069669
71693481
11857105
47438781
12332956
21544574
35668693
37144354
40073774
82711833
422550
89406768
9072515
10403862
11516421
55616890
95531690
72796935
8575839
16982253
91341470
26637301
24899369
76736592
60170247
80804121
54647804
28581262
1590879
93273315
37406580
45317440
91367300
47479134
2453382
99573221
67424193
62605421
28264067
29739143
19325757
23907552
41029224
28878853
28539921
86468293
98828805
36040230
13925240
67149773
53792619
91383207
40018615
6648878
88298362
95538141
72822048
39046874
83168310
67078635
39247276
29031609
61709343
95380517
71119127
86335396
37903105
90706261
47489075
50602792
87356392
96233880
23803053
15404490
55590048
46533485
72006127
3743087
37906773
48843626
85824488
15816405
11003980
73564389
34180890
67675
50679896
86754031
34961320
28342092
81714116
28455795
45236790
98784663
68955104
22822834
69738575
54723691
14546204
57876642
98798087
87550850
21891972
16517672
17182700
14905841
24122095
43489287
76479112
2480649
23649020
52375685
99293586
5163556
82387717
61255209
68103233
83307397
89442151
12151440
94473699
30402576
44133508
67858646
84294670
62061488
79827435
26376800
71703021
82728018
8166510
3655801
42189728
21535024
49971311
79261506
26422506
26600786
16077897
14443441
90130103
28745625
13045462
29900144
96714894
2852497
35733548
46091316
79411974
2968402
11074704
45428969
18351556
44423365
48028662
49811312
61457070
57416922
82523034
50946294
6236010
58089451
88908500
4312428
57495170
41756679
21307514
91863498
97144332
93384288
76725965
64768570
43499935
65212314
36761287
47828357
88784604
94666535
51239402
12344340
22647728
65818836
30869687
93025942
28667638
77127421
61191777
6887742
74330940
17283399
64756420
88300527
23528452
95152777
26552686
95753642
86497084
57528610
1647470
77985628
35897609
48959474
61583067
57641519
33656276
82587031
46848272
58653804
99473049
1240371
32828745
38870997
62779663
4379581
99418618
87793976
16654071
13151404
51076136
7419481
26219858
32456832
50884546
94241200
26156021
27336419
99845979
26623940
17134730
8674051
8240135
59240286
16922499
36674928
57159268
31681284
97640481
30318388
13767526
31722268
1876835
7879224
26087784
68569605
99475059
53191551
38559121
4139470
77769312
86845047
81460920
76354761
88698282
86450195
94655719
57547335
31776811
18581036
7701853
85475612
99594547
5545876
89404126
40853311
87580755
32902151
89399327
93783894
60985199
25012457
70531759
4376008
49899340
59872643
65544143
34262262
4784966
65387239
41149670
77029885
6485959
72411844
78802343
77524732
1232946
45134857
7889847
21422233
23456442
93277551
52720541
10853217
75266740
16399181
44486867
67823129
62169919
26042362
88368363
21050590
47029303
23681509
32005684
49977854
21441661
77308659
95497861
38433602
46911417
26953241
39935655
34019979
43120145
14760459
40078023
54124776
94396878
7060075
36531001
73754271
79419439
24921946
13590717
82386520
4039143
43943203
91695626
83969899
3488718
69601839
7596097
66050300
31003974
14411459
28793519
74026984
46259715
4194540
3330802
27268609
78945713
81644895
44754049
63383709
51374422
29255700
16245798
25969988
46788013
95499727
13914973
61004928
73391448
59626884
9735525
2151853
44911722
98122127
59223232
8616100
49675944
223365
31785634
90684307
5834018
15559605
86422963
33456784
31713703
57924880
21441708
94892276
41904251
74370870
25484996
73554502
28776705
52200710
2461697
88329068
3217039
67623648
49954977
11757390
10615579
84649012
58242853
4234001
3649916
51677377
58265045
80725656
35886549
86889164
21559917
30636581
89109671
86915420
74752064
89761613
18593934
43407516
61545117
50505828
33867334
25099277
57041320
36046271
7059483
46885656
53379316
67146228
19402336
50204181
1651013
12342297
12126137
89510577
86002332
40563178
99261296
67351659
77113859
19972266
79691901
16244908
11011758
99403102
93429188
34870976
11305906
44670533
39425898
2576893
69923171
9745016
65177801
4184943
55317000
45361621
329991
1555701
44634183
24980737
315632
35033456
72943798
42701610
99078545
31431694
4770067
13604324
99171814
51520130
59387652
724283
53758450
84892870
83476786
80482583
25221533
74086531
7979341
69667400
34670356
33077438
94985711
42342961
38906275
60583142
99559266
670554
54245858
85449116
49390142
64390624
99611784
85475869
7424657
33517289
89230036
50498773
49494619
18346847
53371647
66954588
80193173
52564246
20954666
83693704
27745404
94107846
32358990
33633300
16733798
92356469
85551919
29716516
46055190
60334737
46909546
58409257
6018735
92918976
58069324
23308190
20388591
58230345
72332224
1395627
3129534
56318315
87572228
93099573
98395809
31817358
37152552
57553161
26183682
53148043
53428390
8726634
57801946
19567305
95658916
67111381
12048986
40317367
49600136
23983020
19952033
39635870
48516558
9563732
82614948
63679511
2760810
25440098
35747504
954207
25259113
63709371
54998894
33008176
35785410
22622083
82286968
15450413
22531776
51214242
72686532
13799242
68283791
78858900
70062451
36727705
79904972
93965067
66873007
34251838
45007064
87252144
13301212
99735724
34334779
72583827
30233821
46955026
47982149
39366078
90160731
56793398
62053222
32503929
49465247
62403024
57267647
41446155
808651
10964802
74490945
47096232
78633877
35584537
77239531
89544056
61966862
20138212
49963919
33344341
11047670
36563462
41765986
89637818
66526039
53608447
30205073
38596858
26477674
87396738
79215235
31952121
44858380
64505046
53538870
32123191
76058934
74603100
8416780
11465686
14821300
69654132
11675080
10437721
97378322
47880612
16040031
37420781
95901202
20429779
58873905
47716198
93196158
40628881
14063750
23788586
958864
18601
97191935
50850395
8357788
12965720
15480176
51459760
16047819
85107385
44857455
58730837
19357212
71500714
2712095
81496561
70486915
28243212
99533557
46899570
27840712
35182778
72213092
41741617
73046613
19718957
29202387
98534386
65913703
77815709
24041912
50358675
66166290
24567413
9313082
34831027
14692531
61314040
85577093
61212778
63362260
33478593
11540543
86225876
56591667
48358489
30458361
46135911
64642804
92652686
1315698
46479854
79026754
74537514
85808479
29959454
10331752
97428362
12718002
35143489
4861447
74618516
92704024
59267331
46277282
74252577
52606238
75719852
38407266
2906843
30957660
19218373
85517288
15461345
82450790
41627519
6395885
39609149
46900358
45970761
92330892
43771725
45240972
36859583
65688559
20999749
43538974
68971007
2012110
35337924
52572666
1702982
4714257
60187388
89197307
88514915
36666407
17457532
88045613
34156148
73696748
21027222
13674529
56814134
21095307
90191078
19351780
83715801
94243550
57255627
20497038
29904716
65159654
90791470
69211178
43598813
94989479
95899471
91336862
20489402
1566464
57739878
67993585
74654131
91285329
54374271
96202760
97258502
89946363
72692826
99278101
49793294
34813434
7099425
1397162
45721967
19100405
55198892
83989002
24552839
15362222
12979818
93034060
55334598
36245074
70167898
31415122
85635665
45632382
89630200
62305423
30783911
59785554
40926123
68734525
79828916
54778678
51995690
83869805
50523397
95562141
88097603
36653321
73706020
88769281
91637943
2584163
92110061
10438714
56051893
86615858
23073269
87343037
31167597
45640816
38401860
91743802
29386596
72241934
26489111
71221553
82005352
60503907
54573644
40189922
78930778
29256928
23601817
52013442
53526426
24352305
95981642
91313836
33491420
54449753
85133133
30120444
4329700
19084431
66419475
86255836
68526231
77509663
58500396
24508931
14498553
11511354
90760220
18801896
91141203
64113970
19664768
49137823
55730572
65722839
93632998
45033953
1464186
3030867
64434670
35006773
12575062
25729487
87747445
10792444
9735420
36109783
94810066
37761093
35975958
23173603
5868529
12379670
68955391
59858397
34508465
27447094
59960704
7873989
46499983
30617834
38306177
73067488
40488417
46263880
35722186
76810003
96124213
56814674
6355977
7962196
15098761
29577021
62329349
61609436
84031614
47754145
97384011
28077369
56183192
13662550
51972370
38038790
48870941
19717161
12299992
35306672
11902036
94197254
75648044
75503146
4479795
99133582
76742952
62176634
22107679
26633528
50954425
10681773
5568414
88504691
27733552
99797415
20181058
77098063
42581339
74173137
95778337
86127683
13136765
5038463
5753492
68420678
47453328
65221229
56519027
52688541
40817263
74700597
92543790
30491828
75028404
30843855
42073830
22496407
32952349
52006090
41868917
80512332
49028086
74282726
2064568
39439218
38353688
46394333
90534376
10987660
55154640
36734927
85866860
24451898
32129812
75430526
34949813
56623764
41704543
73759005
57608355
69247506
4544573
43884492
96543005
44604033
97945288
90454297
36398664
12468225
44016299
57318185
95724454
68608547
65880808
43118554
76112967
96018708
35961919
90730841
84420245
25116866
74339464
75964533
50907406
10661174
25773645
51590772
80255122
9159355
79696008
18858633
5633159
43086530
59565420
69688655
8696829
35189490
68227988
32581035
82483876
76024100
73729796
91883224
40586769
77586123
85547836
52696691
94588001
481932
67135643
58293929
1901709
5632143
47690439
39960246
34037939
21158755
18850233
20334850
24168826
44315470
89142466
63291517
12289038
1583858
66874524
2345571
5762854
7598702
14718668
97087888
46105402
21041509
67079115
67619035
26929355
68560318
34991606
79343114
13426428
73551077
6935395
87142466
32844979
22247968
27214838
95520915
58114134
12152525
12709294
25886220
82872173
84871370
96935754
40183622
73046678
99131591
50301637
87224225
22386758
20771565
25097601
18340655
62585680
88080236
49652285
83657575
28922145
39354877
30606767
47416975
98209294
54315666
92299548
96668718
14864910
24287223
51007537
55851510
10235360
12944110
53656328
68528416
93928559
37864785
48037443
72203047
74290724
46259220
86102809
2100869
74740657
44152389
37707966
50091891
68898052
92651113
61595310
33332955
18307746
92690429
11847189
5971101
12638737
65838547
12533528
2477017
5203510
94503393
53284744
40576537
10503032
16740120
16779433
1328134
60377839
62928016
70569204
55393944
38559429
93897760
37019680
4069058
45349186
31943744
7576852
42599585
75947526
20951248
26247378
94985472
78934886
1810795
37031747
99857705
25078244
13311955
83804036
17817993
68140034
10218648
43973081
93855172
21243164
51555140
47800722
49513691
416442
69955924
72132242
67477401
93970364
89487062
66970617
6995062
10270134
33113393
2792107
88546864
77143961
39179557
70573977
55918154
74440577
561256
44453620
76828846
54802734
87141414
57761529
53561763
25282686
12417135
97254224
84458641
19444080
55306300
62016010
78380602
60475929
67553710
32522791
46174482
2373468
74627733
2119212
76010036
17051749
3480251
27296970
86445572
88255715
92052989
42832766
84635033
19787089
11394998
57458043
7231057
86556938
49598517
46391423
41626006
94249871
12498316
93875245
28533410
56733517
47236411
9578371
18880355
50410414
60934195
43973119
23195081
70359986
20751335
73184436
534026
81912877
57270940
93280895
85108039
67756788
11454067
32823744
53443768
89624368
39096467
48889815
77541277
98233738
63770552
98686227
46606633
63693182
78024238
76419035
97652643
78844631
166703
60538423
31173345
33850608
4752019
96228744
79466521
35158097
37095126
791223
97748007
27122310
94907888
4295135
46547320
21324660
83547031
88416119
43990081
91481727
24545498
32590833
33875885
53397668
87495847
77152152
25851336
91690652
15790147
69685774
46992885
11604183
95056732
87133839
62660458
43498660
75995343
56823521
71841194
50496560
52909526
68341708
16693827
8656317
38886040
27514919
59433254
82575363
79445439
77322212
19772421
15864280
52737192
27804661
37670465
75693075
52643562
3024320
47377819
60418801
95495859
28601098
14670132
86229469
67973576
68439533
84653712
25328198
95506429
39838464
38242223
7202748
35958107
93075181
68135066
21835339
56289997
98348625
26888315
58496639
66251165
16860868
97332000
28737960
12921050
73108330
47224310
19479841
88553381
95072024
40635772
38277631
44289224
49401366
90130479
72163144
5776292
13146769
64778847
48437428
64207556
29662757
10315723
31539670
6239722
42156856
24935811
46619772
91541777
61131669
39250100
309687
2903887
91048434
55939745
62511046
76304112
81413475
87343490
47178012
9137401
26133396
33795067
99975675
58940965
56011214
82619506
48682661
85985160
97448305
59807558
39448594
41431051
46955723
54810495
98651564
77308569
10778919
40436525
18087972
59715435
62436090
28426175
5429230
64510896
24533999
3604475
48717114
18928506
79988670
13960330
41489137
81985033
5719497
55082493
87062211
7667731
8476447
39479487
20040904
78785698
29984171
41168637
12601942
97806046
21512760
75780263
82436186
62590715
96518591
25881091
13462758
75752543
4638591
76561371
24241038
73400820
88440845
67956807
61412418
99929336
76610681
49483497
2718150
79752235
67376533
98681888
89099326
13047005
46061079
54425027
86356939
66388930
76396732
97615590
44187305
82556958
49808205
77025767
28877889
24245528
60771805
36977504
59494361
63492487
79606268
78386499
22488721
20567435
8180962
71741097
14274506
86415650
56655418
10811408
27087946
13841429
4646521
69232083
25025813
71190941
67509468
44827988
34777725
15335106
27164541
4684305
44876569
78604413
18703268
13196008
99360142
88194156
83234702
11630222
66281581
38594713
21263191
8453328
8934234
11359054
95331455
80734763
88947898
3572701
13316074
73336468
98479937
18577406
62110709
93801805
75298353
76420115
2521226
740526
25379129
46617613
36326487
92367964
45161008
77486369
51579872
92172689
15543863
45662279
94244368
6726418
2045275
79459102
11842386
8453392
38711125
14897762
3756608
44849821
22029355
73143973
79863587
91385950
89630927
40936736
21916684
43759811
73703617
86093441
46028315
5135901
33008398
97532344
93930852
5104479
76197601
57695722
2048583
35056658
84579633
73261023
99639290
61052188
84483956
36516441
44462617
14758448
2768435
33289074
82175201
83090669
57280215
23975288
6793997
34334817
98413025
33074225
78082907
91170161
59207920
23941495
26927491
15552249
74698226
59715815
36610796
43570079
8546430
46520300
38498277
54208541
71545274
26441483
70737757
35894435
24315299
38299135
17614507
63422525
244223
90742884
15528189
65435673
33500087
5002155
24226179
91453653
20493826
80806765
97710090
57639337
30570778
59343540
39029500
4446469
50931055
24923605
16282998
51190388
88566042
7865451
99491106
34801035
78405033
87881434
10375787
29127763
33796685
93582025
79933898
64706083
26868302
12365882
3633099
16517705
5829776
49150444
79759274
60490474
13386947
9993910
31692144
71767657
6163357
76097283
64629674
51672377
4306710
12387102
2261859
28129807
15828837
48649847
22572707
44027692
72615446
53257510
96137676
74690471
25866819
28098323
8357070
87615317
53019061
82117205
47438700
24254566
72064673
87725709
62269180
38441498
66336512
54798608
7263599
62191575
81617910
87706443
41976229
40132180
64140
77984174
7949520
53047587
74836664
38959634
67919988
47481618
11990016
42187155
74779902
44351902
18248778
14898230
3225440
95536278
46396740
26102692
19128361
25055384
17196380
85434399
64943436
788480
71950805
40358857
70737676
51326756
21111816
80940818
24935035
45485095
31584573
14816218
1034646
93991074
20766344
28951410
85103507
15402574
81403616
76148346
2541116
36407178
52052312
10325227
47153889
191429
95037282
39933290
28472094
47875326
10404541
19417663
36506313
25235679
99930798
85764249
67656867
99869866
49772570
69711478
75489302
66917554
74556423
12008886
66356667
20869514
10559820
98501857
12177378
30413665
59207574
9729429
23511491
5203117
94919664
2214367
22910341
39093302
20886192
2774521
39087187
85899433
92210708
79719728
12634540
12093256
29858188
91560402
86069599
3331601
77795489
47106285
51105359
32157818
83225455
63237315
97805313
90264252
37279643
99979726
15118567
4440683
33381354
56940271
90085508
75726749
74629544
68279354
35122773
97909727
94155992
73760766
24303569
48174447
42763894
6798930
37548147
80661073
18228114
62712249
37765107
40537343
63677029
57535125
55264584
7003423
72473282
36581341
35236917
90524109
41940902
30973025
57153529
52019599
77311524
11437962
29935055
8654603
10078842
96242355
76014644
11292093
29309130
41569629
4737412
82940849
78342278
91173929
92460031
75124095
62937602
51985505
87499978
62000135
91265078
10505003
40094451
14811906
41845839
92640386
45583956
75734418
86728739
52476190
37486763
52490896
86785794
35214685
45572128
46864557
90371579
85244041
43156842
31526938
30726507
17289641
74551847
19681788
48475940
77278070
72991694
26009861
26705790
89276969
52584681
5014509
31859857
29753424
79650923
32413795
82066756
4428490
36850447
3742963
98724618
25431546
88503329
45451216
70577064
74213987
87230420
27881545
66957940
56834636
70558554
39301307
98043823
19352794
758099
61337338
4472400
73470395
15190356
18019828
53506030
61252334
28179952
67012696
19102948
21754203
59049869
22083407
8921758
17093188
98570102
74589359
36862995
19523332
7599063
22161417
50112493
45232531
78198008
91471998
49122640
12457446
66364357
34697078
95477069
2265435
98003905
44940257
44122496
74383118
19429577
36744911
80993769
5110226
6374806
55257731
12129451
53605819
57335034
70508753
19089588
68511440
13499060
26489055
89209338
85833799
72306382
70579844
20937447
89407838
31942138
68677255
56378829
40353691
75515870
21842774
72853198
59074213
52912836
56184832
53133585
52417004
9160285
22652339
21636092
89229985
42620194
35605966
33886023
48977566
84584288
78823429
55732244
2220987
97074594
10765589
46475880
25518713
60540520
58020780
75217228
73718864
4638389
56372669
91327640
82288936
14939213
25614097
4268206
2348461
36165974
3636111
2863054
62783983
17594619
24278776
44761473
86783455
44908754
14651575
81363392
74913046
47902440
82903227
34121769
6421028
11806486
81266982
47528754
56721121
96912619
31049278
99650897
79946147
14694535
66294025
25301333
23681975
48234590
90685382
28787676
38725596
54601148
95428228
89791592
10543432
43373140
83787685
54914291
2688711
76574118
31458445
62770968
65264138
90973567
94139365
60723401
45131297
68361326
33130576
44103141
47708211
45675672
7432964
81529882
62724916
63942353
55455675
48893098
7528126
92825171
69581134
35792052
66466131
80935361
12914837
70061861
33832997
15785364
89297893
35090881
82205282
88662036
49937852
5008538
12576283
54647678
96386915
5781137
26788638
9029126
79029650
94509343
37868128
92315689
96651748
45068386
46592241
9899283
30764022
76505489
54195732
56264411
10922237
40172013
59005238
61438057
46262275
40958905
21836888
69041063
57150187
65773940
74167326
87580727
61132798
75018891
42257621
4596895
26771057
30338947
66324061
37137807
34924478
5627887
88067402
13646848
47460058
62914073
48136758
85509761
26053143
56281653
46203462
92951039
45957807
94917413
72778654
77511962
90118267
55008505
26752207
84825754
14849376
54810441
38352784
58526626
77264096
19201699
1766659
8520972
23533827
63810581
154873
51939347
71113674
40181756
53592371
31314498
41931744
2245051
25333352
56939175
64643614
27946177
85439918
89913223
7312002
99515906
50239213
14248947
28144294
59311846
11234575
50696549
93966823
99896810
85826690
45803997
58691812
55067193
4724579
67256618
25867997
71712079
99243159
70919944
70732096
45636141
64715268
27348822
76091246
22557017
630261
43454031
63627121
35525057
65651616
76283638
35931535
51365710
96116093
16831123
73592675
10959114
66985174
48143850
25009404
87008034
97114892
15379896
17048158
1142094
57272096
92405388
7733552
26637549
26932216
28552700
92848102
26281208
12571924
68102988
86211104
42519333
76011231
65837357
58945822
1920148
77825035
75897861
94628437
7415605
64586637
21328096
29388328
13259213
97369242
2294474
76290112
41229342
93784074
52102904
80929370
32528499
79206925
67095419
16449831
44767059
56852247
3644718
47520903
75763722
80616489
68904826
77800488
36010611
5586574
90209100
93546291
63934294
23518773
7287292
89101069
13640363
74189328
59503630
98972171
11391922
22553399
99213737
47723147
93194313
6109255
91995501
36023152
68879514
64289259
93072812
16411728
55364296
36754782
60178643
45730803
94932878
24302065
24272141
12942629
15482184
73300661
93160977
29037415
57915363
57978778
81197169
45480420
49501137
99193630
81083555
5133390
62104778
19310020
58040371
7993876
27240122
32376658
29203954
26246377
81672376
35328459
64793168
85619764
86781119
90229336
33652743
31604744
45433371
83939126
56210242
8900698
63137768
99528352
71326690
67971888
51976872
5307060
90895307
36839325
83228133
20154016
2298770
44982273
80362073
75994853
45077380
51646174
30325513
32141979
17019382
46205105
27586362
88876998
62950759
96930314
15166166
96040232
26417030
14261255
68592226
98595183
4522570
53775672
10065689
66783040
74546249
20710069
95045040
61925152
39422641
51347205
64798159
86297189
78964368
9222324
80760078
80829727
34013488
18607642
75173294
30433993
87577293
86623872
62650700
1175775
63957461
91206721
68785707
65235322
1776922
92918768
61594890
43067703
92758967
12770997
83232940
77130155
3631404
1312817
7831153
26555331
91202515
2981598
37746009
14671124
72825348
99396107
1054755
64174991
20054183
13873406
62388359
65298061
77911116
84949847
51621358
21639845
64214211
12812099
82431098
81962832
33962712
33003456
56456370
26791590
627610
83480408
49754381
52101400
64048486
95260070
69059513
67239337
91306721
98491349
43966266
6641288
39053411
84638825
20617320
66902556
10577482
35955889
88009209
2009721
95186001
76551610
46145067
16392407
30636249
88415880
51880763
49394299
62958566
28142563
33729640
19126490
42615129
40706245
58440007
94132742
82998016
27240492
26687693
68327002
54111819
64721024
37372891
67198862
32723217
28163814
78987642
86345598
77156165
81390272
43478894
35391337
57306379
72110480
1723467
65799340
99689704
57365928
33863720
32146825
94955393
27902202
14140139
34984330
28354139
12889288
98675598
5063117
72629623
23742303
89493107
68568932
20375902
24661923
92856519
96446970
94821123
3291693
74849779
67780283
25263509
54386631
25617101
42848879
51935513
31866168
68034355
20788718
3615806
30760387
44113287
6324478
98862902
711665
57105990
31351805
89254892
5351652
38977629
70361953
95794924
64905392
20774174
89251463
10622362
90254049
81216088
71848897
63167193
3846593
6233358
94588310
46284093
7654031
88752680
32929335
36508549
84495952
66834456
40830250
23809638
36610718
20579312
37874366
24483576
34465293
98344579
4382124
32386553
395352
78028
44987166
81527701
37976404
63251352
65937126
91790469
45930819
41330097
97705492
83871462
83258729
10565878
45813594
10216325
83250599
73924968
29541514
57166356
57830722
19999225
32791814
89470437
92440375
7667616
18451197
64584583
3600206
783141
65424544
83553071
10234798
93726310
53937535
67595217
39903206
48040838
61474766
51322883
76322704
24725751
9733224
50195969
48213663
64155825
97931221
47008806
9265095
16405963
41678253
4577154
87962648
8926861
16142286
16933763
51179508
93798327
28751162
25034798
17315703
24483436
65699689
16458503
80745097
40951615
12596835
69988477
68256155
13005226
28463160
47340524
4900493
83380991
45265486
43980248
71713427
49224816
36750900
69743337
34758625
36918920
71362362
96212435
68263071
42525415
73345272
35916632
5777122
40379556
52213145
18478164
24840374
81696916
59679794
27695138
33868918
49586276
86151867
18221831
29788047
73467239
29935510
33095476
42269886
962484
32158698
2901748
38304573
29315372
14266969
32415470
3197059
64031742
80256286
52537813
63412258
7382355
19036864
73982328
83818768
10913648
77647580
21966346
22548554
45109643
96025704
43771425
40198872
46147116
49454528
90645635
8243494
39510109
58519968
66738512
5859754
73295089
96001662
36186820
67277810
90438785
54008659
10606505
95044207
69604742
20664153
7916562
85839504
88494716
80388126
8981491
41330118
14852127
28372319
79967039
50408113
10353733
58466185
74715186
36365691
29589771
71732466
86006977
38936092
85532571
80719570
13294748
75677010
31644749
24818828
39877693
17868425
14375236
84270893
87631981
53395308
14243951
45551944
20915046
87723699
31997821
92633881
57934242
80164264
86995082
78055206
49414564
90269444
36449142
77645659
93190810
47234334
71159521
34547395
17466269
2676418
62944245
51726851
19851228
1286726
15427941
17519051
35278423
23006
96417302
20006157
56319360
95363277
64572759
3498816
39318925
84377283
86260844
47809554
64365739
35874658
95433971
76541927
53326221
91572251
76818898
74323721
70763134
79199362
53267055
11065560
1518027
49920774
96298771
88622264
56299316
80163590
57498054
2135622
33643796
52531272
75157492
32637825
33442695
96295302
10014382
955580
37802991
68856887
93769536
99365894
93264864
86973779
97575997
39514378
43552028
76462030
6986631
73456450
48604787
86929108
4806280
40405325
76915884
49862354
26341386
46423258
66904585
69869417
6301538
27345
67967453
55758006
98104834
46140093
53098788
54300848
41878000
12865914
27508601
53246628
62862838
63215003
10899974
69508483
90931585
63357359
83319440
78565875
38783148
25388323
58543657
63504113
91798138
88106679
89193653
23591426
65464350
65855490
4315951
79608144
60910789
63871454
18361251
8742652
15108917
62557532
5224534
58385894
59465019
82249048
27747909
44606225
14481833
52178135
81059452
74843737
25623591
9328795
22734528
94589771
50534721
85884609
34666896
8512594
45626694
9450250
4637511
29708568
88658044
19942395
48948761
8855497
46042075
16095822
45785581
3679169
36311126
97097550
3608503
40230820
57906620
36225709
12488389
40315133
19074720
27021808
53254421
10633477
77063854
72516809
59742786
40293457
76446009
29324840
81792489
94676448
22733326
28279532
76376421
61134746
23177193
44525838
26319437
50200594
61668703
87153505
18377452
20266235
271058
78856816
25264397
6409334
11754717
99277844
52495317
45671275
79027516
90855159
29859935
29319075
318400
61250833
31653888
78418001
5834610
42303037
63017474
97904920
33669142
73635361
77388358
38509665
61024923
12958124
16515447
58107304
60262628
90854074
36814872
40034608
9030605
66789116
59871893
45917471
86153729
11805084
27626903
90553984
10462651
58361052
18130415
61147381
8207817
7674816